[0m [38;2;0;0;0m              [38;2;154;126;91m▁[38;2;220;178;129m▃[38;2;213;173;124m▆[7m[38;2;230;186;134m▔[0m[38;2;197;159;114;48;2;231;187;134m▔[38;2;160;129;93;48;2;231;187;135m▔[0m[7m[38;2;220;178;128m▔[0m[38;2;210;170;122m▅[38;2;211;170;123m▂[0m [38;2;54;44;32m               [0m
 [38;2;0;0;0m          [0m [38;2;158;128;92m▂[38;2;212;172;124m▄[38;2;226;183;132m▆[38;2;227;184;133;48;2;231;187;135m▏[38;2;231;187;134m▂[38;2;232;187;135m▗[38;2;231;188;134m▁[38;2;232;187;135m▂ ▂[38;2;231;187;135;48;2;231;187;134m▔[38;2;231;188;135m▝[38;2;149;121;88;48;2;230;187;134m▔[0m[38;2;224;182;131m▅[38;2;204;165;119m▃[0m [38;2;111;90;65m            [0m
 [38;2;0;0;0m       [0m [38;2;197;160;116m▂[38;2;226;184;133m▄[7m[38;2;221;179;129m▔[0m[38;2;65;53;38;48;2;231;187;135m [38;2;232;187;134;48;2;231;187;134m▔ [38;2;231;187;134;48;2;231;188;135m▊[48;2;231;187;135m [38;2;231;187;135;48;2;232;187;135m▃▁[48;2;232;188;135m [38;2;232;187;135m▁ [38;2;232;187;134;48;2;232;187;135m▔[48;2;231;187;134m [38;2;232;187;135m▁▅▃[38;2;202;163;116m▔[0m[38;2;219;177;128m▆[38;2;196;159;115m▄[38;2;118;95;69m▂         [0m
 [38;2;0;0;0m     [38;2;166;134;96m▂[38;2;214;173;124m▅[38;2;121;99;72;48;2;228;185;133m▔[38;2;232;188;136;48;2;232;188;135m▔▔▘[38;2;231;187;134;48;2;232;187;135m▄▔[48;2;232;188;135m▔[38;2;232;187;135;48;2;232;187;134m▌[38;2;232;188;135;48;2;231;187;135m▂[48;2;232;188;135m  [38;2;231;187;135m▃[38;2;232;188;135;48;2;232;187;135m▂[38;2;231;187;135m▏[38;2;232;188;135m▏▃▎[38;2;231;187;135m▔[48;2;231;187;135m  [38;2;231;187;134m▁[38;2;230;187;135;48;2;231;187;134m▔[38;2;229;185;133;48;2;231;186;134m▕[0m[38;2;227;183;132m▆[38;2;213;172;124m▄[38;2;128;104;74m▂      [0m
 [38;2;0;0;0m    [38;2;232;188;135m▗[38;2;230;186;134;48;2;232;187;135m▔[38;2;232;187;135;48;2;232;187;134m▔[38;2;232;187;134;48;2;231;187;134m▞[38;2;231;186;133m▃[38;2;232;187;134m▘▞[38;2;231;187;135m▄[38;2;231;187;134;48;2;232;188;135m▎[38;2;232;188;135;48;2;232;187;135m▞▕[38;2;185;150;109m▁[0m[7m[38;2;217;176;127m▂[38;2;199;161;117m▄[38;2;232;188;134m▆[38;2;192;155;110m▅[38;2;224;182;132m▄[38;2;230;186;134m▂[0m[38;2;232;187;135;48;2;231;187;134m▃[38;2;232;187;134;48;2;232;187;135m▌▕[38;2;232;187;135;48;2;231;187;134m▖ [38;2;231;186;134m▂▄▎▗▆[38;2;216;175;125;48;2;231;186;134m▔[0m[7m[38;2;156;126;90m▝[0m[38;2;1;1;0m     [0m
 [38;2;0;0;0m   [0m [7m[38;2;231;187;134m▏[0m[38;2;232;187;134;48;2;231;187;134m▞▗[48;2;232;187;134m [38;2;232;188;135m▁[38;2;232;187;134;48;2;231;187;134m▁[38;2;231;187;134;48;2;231;187;135m▋ [38;2;147;119;87;48;2;229;186;134m▁[0m[7m[38;2;220;178;128m▃[38;2;193;156;113m▅[0m [38;2;89;72;52m      [7m[38;2;147;118;85m▆[38;2;209;169;121m▄[38;2;226;183;132m▂[0m[38;2;225;183;132;48;2;231;187;135m▁[38;2;231;187;134m▃[38;2;231;187;135;48;2;231;187;134m▅[48;2;231;186;134m [48;2;231;187;134m▔ [38;2;231;187;134;48;2;231;186;134m▂[48;2;231;187;134m [38;2;226;183;133m▕[0m [38;2;88;73;55m    [0m
 [38;2;0;0;0m   [0m [38;2;182;146;105;48;2;232;187;134m▏ [38;2;231;187;134m▖[38;2;232;188;135m▔[38;2;231;187;134;48;2;232;187;135m▂[38;2;232;187;135;48;2;231;187;134m▘[38;2;231;187;134;48;2;231;187;135m▋[38;2;134;112;86;48;2;231;187;136m▕[0m [38;2;80;65;48m            [7m[38;2;123;100;74m▆[0m[38;2;150;122;88;48;2;230;186;134m▖[38;2;231;187;134;48;2;231;186;134m▔[38;2;230;186;133m▄[48;2;231;187;134m▆[38;2;231;186;133m▁[38;2;231;186;134m▎ [38;2;230;185;133;48;2;232;188;135m▕[0m [38;2;96;78;57m    [0m
 [38;2;0;0;0m   [0m [38;2;192;154;110;48;2;232;187;133m▏[38;2;231;186;133m▖[38;2;232;187;134;48;2;231;187;133m▝[38;2;231;186;133;48;2;231;187;134m▆[38;2;232;187;134;48;2;231;186;134m▔[38;2;231;186;134;48;2;231;186;133m▍▔[0m[7m[38;2;223;182;133m▕[0m[38;2;0;0;0m             [0m [38;2;130;107;79;48;2;230;186;133m▎[38;2;231;187;134;48;2;231;186;134m▗[48;2;231;186;133m  [38;2;231;186;134m▗ [38;2;231;187;133m▕[38;2;229;184;131;48;2;231;187;133m▕[0m [38;2;96;77;56m    [0m
 [38;2;0;0;0m   [0m [38;2;195;157;113;48;2;231;186;133m▏[38;2;231;186;133;48;2;231;187;134m▌[38;2;232;187;134m▕▖[38;2;231;187;134;48;2;232;187;134m▃[48;2;231;186;133m▌ [0m[7m[38;2;219;178;129m▕[0m[38;2;0;0;0m          [0m [38;2;195;157;113m▃[38;2;221;178;129m▅[38;2;151;124;93;48;2;229;185;133m▔[48;2;231;186;134m [38;2;231;186;133m▕[48;2;231;186;133m   [38;2;231;187;133m▁▁[38;2;164;133;96m▗[0m [38;2;48;40;32m    [0m
 [38;2;0;0;0m   [0m [38;2;195;157;114;48;2;231;186;134m▏[38;2;231;186;133;48;2;231;187;134m▁▖[38;2;232;187;134m▗[38;2;231;187;134;48;2;232;187;134m▆[48;2;231;186;133m▁[38;2;231;186;134m▏[0m[7m[38;2;220;178;129m▕[0m[38;2;0;0;0m       [38;2;141;114;82m▁[38;2;216;176;127m▃[38;2;213;173;124m▆[38;2;186;151;108;48;2;231;186;133m▔[38;2;230;185;133m▘[38;2;231;186;134m▗▃▄▃ [38;2;231;187;134m▂[48;2;232;187;134m▁[38;2;232;187;135;48;2;231;187;134m▞[0m[7m[38;2;225;182;131m▗[0m[38;2;179;144;104m▘[0m [38;2;2;7;7m    [0m
 [38;2;0;0;0m   [0m [38;2;196;158;113;48;2;231;186;134m▏[38;2;232;187;133;48;2;231;186;133m▗[38;2;231;186;134m▝[38;2;232;186;134;48;2;231;186;134m▁[38;2;231;187;134m▌[38;2;232;187;134;48;2;231;187;134m▍[38;2;231;187;133m▕[0m[7m[38;2;220;178;129m▕[0m[38;2;0;0;0m  [38;2;204;165;120m▗[38;2;226;184;133m▆[38;2;229;185;134m▅[38;2;225;182;131m▅[38;2;226;183;132m▆[38;2;222;181;131;48;2;231;187;134m▔[38;2;231;187;134;48;2;231;186;134m▝▎[38;2;231;186;134;48;2;231;186;133m▄[38;2;231;186;133;48;2;231;186;134m▁[38;2;232;187;134m▂[48;2;231;187;134m▄[38;2;231;186;133m▗[48;2;231;186;134m ▊[0m[7m[38;2;230;185;133m▂[38;2;223;180;129m▄[38;2;186;150;109m▆[0m[38;2;30;103;99m▂[7m[38;2;11;165;156m▘[0m[38;2;16;176;162m▏    [0m
 [38;2;0;0;0m   [0m [38;2;195;156;111;48;2;231;186;133m▏[38;2;232;187;134m▘[38;2;231;186;133;48;2;231;186;134m▘[38;2;231;186;134;48;2;231;186;133m▎ [38;2;231;186;133;48;2;231;186;134m▅[48;2;231;187;133m▂[0m[7m[38;2;219;178;129m▕[0m[38;2;0;0;0m [0m [38;2;147;119;86;48;2;228;185;133m▏[38;2;231;187;134;48;2;232;188;136m▂ [38;2;232;188;135m▆[38;2;232;187;135;48;2;232;187;134m▘[38;2;231;186;134;48;2;231;187;134m▁[38;2;232;187;134;48;2;231;186;134m▕▗[38;2;232;186;133;48;2;231;186;133m▃ [38;2;231;186;133;48;2;232;187;134m▌[38;2;220;176;127;48;2;231;187;134m▁[0m[7m[38;2;224;181;129m▂[38;2;209;168;121m▄[38;2;150;121;87m▆[0m[38;2;22;128;124m▂[38;2;9;168;162m▄[38;2;4;184;177m▆[38;2;26;194;185;48;2;0;189;181m▔[38;2;6;194;179;48;2;0;191;181m▕[0m[38;2;21;145;133m▏    [0m
 [38;2;0;0;0m   [0m [38;2;196;157;113;48;2;231;186;134m▏[38;2;231;186;134;48;2;231;187;134m▊[38;2;231;187;134;48;2;231;186;134m▅▃ [38;2;231;186;133m▔[38;2;231;187;134;48;2;231;186;133m▂[0m[7m[38;2;219;178;129m▕[0m[38;2;0;0;0m [0m [38;2;120;97;69;48;2;230;186;133m▖[38;2;232;187;134;48;2;231;187;134m▕[38;2;231;187;134;48;2;231;187;135m▁[38;2;232;188;135;48;2;232;187;134m▁[38;2;232;187;135m▘[38;2;232;187;134;48;2;231;187;134m▗[48;2;231;186;134m▖[38;2;231;186;134;48;2;231;186;133m▅[38;2;164;133;96m▁[0m[7m[38;2;227;183;131m▃[38;2;213;171;123m▅[0m[38;2;137;110;78m▔[38;2;16;144;140m▂[38;2;9;148;144m▅[7m[38;2;5;164;159m▔[0m[38;2;0;172;167;48;2;0;175;170m▃[38;2;0;177;171;48;2;0;180;174m▅[38;2;0;181;174;48;2;0;184;177m▄[38;2;0;183;174;48;2;0;186;178m▁[0m[7m[38;2;7;155;147m▗[0m [38;2;1;2;2m    [0m
 [38;2;0;0;0m   [0m [38;2;195;157;113;48;2;231;187;134m▏[38;2;232;187;134m▄[38;2;231;187;135;48;2;232;187;135m▝[38;2;232;187;134;48;2;231;187;134m▏[38;2;231;187;134;48;2;231;186;134m▆[38;2;231;187;135;48;2;231;187;134m▂[38;2;232;187;134m▏[0m[7m[38;2;219;178;129m▕[0m[38;2;0;0;0m  [0m [7m[38;2;207;167;119m▃[38;2;227;183;132m▁[0m[38;2;229;183;129;48;2;231;187;134m▁[38;2;228;184;134m▁[0m[7m[38;2;224;181;130m▁[38;2;212;171;123m▃[38;2;181;145;104m▅[0m [38;2;10;119;118m▃[38;2;5;135;134m▅[38;2;22;93;91;48;2;2;144;142m▔[38;2;0;155;152;48;2;0;150;148m▝[38;2;0;153;151;48;2;0;158;155m▖[38;2;0;160;156;48;2;0;164;160m▃[38;2;0;166;161;48;2;0;170;164m▅[0m[7m[38;2;3;168;161m▁[38;2;3;162;155m▃[38;2;10;152;144m▆[0m[38;2;10;192;182m▗[38;2;20;147;137m▏    [0m
 [38;2;0;0;0m   [0m [38;2;192;154;110;48;2;231;186;134m▏[48;2;232;187;134m [38;2;232;187;135;48;2;231;187;134m▔[48;2;231;187;135m▏▁[48;2;231;187;134m▂[38;2;231;187;134;48;2;231;187;135m▝[0m[7m[38;2;219;178;129m▕[0m[38;2;0;0;0m [7m[38;2;55;93;93m▊[0m[38;2;5;105;105m▅[38;2;16;100;100m▃[38;2;31;81;81m▂[38;2;76;95;95m▁[38;2;63;99;100m▁[38;2;20;99;98m▂[38;2;13;108;108m▄[38;2;5;118;117m▆[38;2;20;116;116;48;2;0;124;124m▔[38;2;0;131;130;48;2;0;128;128m▝[38;2;0;132;131;48;2;0;136;135m▄[38;2;0;136;135;48;2;0;140;138m▄[38;2;12;137;134;48;2;0;143;141m▁[0m[7m[38;2;3;146;143m▂[38;2;5;146;142m▄[38;2;16;122;118m▆[0m[38;2;13;140;135m▂[38;2;4;168;162m▄[38;2;3;183;175m▆[38;2;0;185;177;48;2;1;189;178m▌[0m[38;2;8;127;115m▏    [0m
 [38;2;0;0;0m   [0m [38;2;179;145;104;48;2;231;186;134m▏[38;2;232;187;135;48;2;232;187;134m▖[38;2;231;187;135;48;2;232;188;135m▆[48;2;231;187;135m [48;2;232;187;135m▊[38;2;231;187;134m▗[48;2;232;188;135m▅[0m[7m[38;2;217;176;128m▕[0m[38;2;0;0;0m [38;2;28;88;88m▕[38;2;16;108;107;48;2;0;108;108m▏[38;2;1;108;109;48;2;1;107;107m▄[38;2;1;107;108;48;2;1;109;109m▘[38;2;5;111;110;48;2;0;108;109m▔[38;2;1;114;114;48;2;0;111;111m▝[38;2;0;113;114;48;2;0;117;117m▅[38;2;0;115;116;48;2;0;118;118m▄[38;2;0;117;117;48;2;0;119;119m▅[38;2;0;123;122m▝[38;2;20;92;90;48;2;1;125;124m▁[0m[7m[38;2;6;119;118m▂[38;2;8;126;124m▅[0m[38;2;19;90;88m▔[38;2;12;122;120m▃[38;2;4;146;142m▅[7m[38;2;2;157;153m▔[0m[38;2;0;170;165;48;2;0;165;160m▝[48;2;0;175;170m▅[38;2;0;180;173;48;2;0;177;170m▝[0m[7m[38;2;5;180;171m▗[0m [38;2;5;16;15m    [0m
 [38;2;0;0;0m    [7m[38;2;228;185;133m▏[0m[38;2;82;66;48;48;2;231;187;135m [38;2;232;187;135m▔ [38;2;231;188;135m▂[38;2;232;188;135;48;2;232;187;135m▏[48;2;231;187;134m▄[0m[38;2;231;187;134m▊  [38;2;7;112;112m▝[38;2;12;70;70;48;2;1;109;109m▂[38;2;1;111;111m▃[38;2;0;109;109;48;2;1;109;110m▅[38;2;0;110;111;48;2;0;109;110m▗[38;2;0;109;109;48;2;0;112;112m▃[0m[7m[38;2;3;110;110m▁[38;2;7;109;108m▃[38;2;13;98;96m▅[0m[38;2;23;95;95m▁[38;2;9;105;105m▄[38;2;5;122;122m▆[38;2;18;112;111;48;2;0;135;134m▔[38;2;0;140;138;48;2;0;144;143m▅[38;2;0;143;142;48;2;0;148;146m▖[38;2;0;156;152;48;2;0;152;149m▝[38;2;10;154;149;48;2;0;159;154m▁[0m[7m[38;2;1;165;158m▂[38;2;4;154;146m▄[0m [38;2;4;53;50m     [0m
 [38;2;0;0;0m    [38;2;205;166;120m▝[7m[38;2;226;183;132m▂[0m[38;2;230;187;136;48;2;231;187;135m▁[38;2;231;188;136;48;2;232;188;136m▆▂  [0m[38;2;231;187;135m▊ [0m [38;2;17;89;90m▄[0m [7m[38;2;24;88;88m▆[38;2;14;91;90m▅[38;2;2;112;111m▆[38;2;15;73;73m▆[0m[38;2;30;93;94m▂[38;2;8;105;106m▄[38;2;2;112;112m▆[38;2;10;126;126;48;2;0;118;118m▔[38;2;0;120;120;48;2;0;123;123m▃[38;2;0;124;123;48;2;0;127;126m▄[38;2;0;132;131;48;2;0;129;128m▝[38;2;25;120;118;48;2;0;135;133m▁[0m[7m[38;2;7;134;132m▂[38;2;12;128;125m▄[38;2;31;91;89m▆[0m[38;2;0;0;0m        [0m
 [38;2;0;0;0m     [0m [7m[38;2;153;124;89m▆[38;2;209;170;123m▄[38;2;224;182;132m▂[0m[38;2;217;176;128;48;2;232;188;136m▁ [0m[38;2;223;180;131m▊ [38;2;34;99;101m▕[38;2;6;96;97;48;2;0;98;98m▏[38;2;11;93;94;48;2;0;96;97m▔[0m[7m[38;2;4;99;100m▔[38;2;12;99;100m▔[38;2;11;102;103m▔[0m[38;2;57;93;94;48;2;1;100;102m▔[38;2;0;101;103;48;2;0;105;106m▆[38;2;0;108;109;48;2;0;104;105m▝[38;2;0;107;108;48;2;0;110;111m▃[38;2;0;110;111;48;2;0;114;114m▄[38;2;30;72;72;48;2;4;116;116m▁[0m[7m[38;2;7;117;116m▃[38;2;16;112;110m▅[0m [38;2;28;66;65m           [0m
 [38;2;0;0;0m         [38;2;128;103;75m▔[7m[38;2;213;173;127m▆[0m [38;2;83;66;46m [0m [7m[38;2;12;79;80m▖[0m[38;2;4;101;102;48;2;0;98;99m▖[38;2;0;98;100m▝[48;2;0;99;100m▔[38;2;0;97;99;48;2;0;98;100m▁[38;2;0;99;100m▝[38;2;2;98;98;48;2;0;99;100m▁[0m[7m[38;2;4;97;98m▁[38;2;10;95;95m▃[38;2;24;84;84m▅[0m [38;2;18;24;24m              [0m
 [38;2;0;0;0m               [7m[38;2;8;54;55m▆[38;2;5;96;97m▅[38;2;5;99;99m▄[38;2;4;97;98m▄[38;2;10;84;85m▄[38;2;15;66;66m▆[0m [38;2;1;1;1m                 [0m
 [38;2;0;0;0m                                       [0m
 [38;2;0;0;0m                                       [0m
 [38;2;160;128;90m▃[38;2;215;172;121m▅[38;2;202;163;116m▆[7m[38;2;177;142;100m▁[0m[38;2;203;162;114m▆[38;2;210;169;120m▅[38;2;157;127;90m▂    [38;2;139;111;78m▃[38;2;212;170;120m▅[38;2;201;162;116m▆[7m[38;2;177;143;102m▁[0m[38;2;200;161;115m▆[38;2;213;170;120m▅[38;2;144;115;81m▃  [0m [38;2;203;163;116m▆[38;2;224;179;127m▖   [0m [7m[38;2;166;133;93m▘[0m[38;2;172;138;98m▆  [38;2;140;112;79m▗[38;2;204;163;116m▅[38;2;204;164;116m▆[7m[38;2;178;143;102m▁[38;2;183;147;104m▔[0m[38;2;217;174;122m▅[38;2;164;132;93m▃[0m [0m
[7m[38;2;170;136;96m▘[38;2;225;180;127m▗[38;2;161;131;96m▆[0m [38;2;3;2;2m [0m [38;2;175;142;104m▝[38;2;137;111;81;48;2;226;181;129m▖[0m[38;2;226;181;127m▖  [38;2;227;182;128m▗[38;2;127;104;77;48;2;225;180;127m▗[0m[7m[38;2;166;135;99m▆[0m [38;2;3;3;2m [0m [7m[38;2;157;127;91m▆[0m[38;2;117;96;70;48;2;225;181;128m▖[0m[38;2;225;180;126m▖  [38;2;185;148;105m▝[38;2;193;153;108;48;2;222;177;125m▁[0m[38;2;191;153;108m▖  [38;2;225;180;127m▗[38;2;149;119;85;48;2;226;180;127m▗[0m [38;2;112;90;64m [38;2;218;174;122m▗[38;2;222;178;126;48;2;170;137;98m▊[0m[7m[38;2;159;129;94m▅[0m [38;2;14;12;10m  [7m[38;2;131;107;79m▆[38;2;223;179;127m▖[38;2;175;140;98m▝[0m
[7m[38;2;226;181;127m▏[0m[38;2;218;176;127m▌     [7m[38;2;213;172;122m▍[0m[38;2;222;178;126m▊  [7m[38;2;224;179;126m▎[0m[38;2;205;163;114m▋     [7m[38;2;226;181;129m▌[38;2;221;176;124m▕[0m[38;2;4;4;3m   [38;2;220;176;124m▝[38;2;158;127;90;48;2;226;181;127m▝[0m[38;2;113;90;63m▖[38;2;200;162;117m▗[38;2;185;148;104;48;2;222;178;126m▕[0m[38;2;180;145;103m▘  [7m[38;2;223;179;127m▍[0m[38;2;224;179;126m▋     [7m[38;2;226;180;127m▋[38;2;224;179;126m▕[0m
[7m[38;2;227;182;128m▏[0m[38;2;227;182;128;48;2;187;151;108m▆[0m[38;2;192;155;111m▄[38;2;220;178;130m▁[38;2;150;124;97m▁[38;2;166;135;98m▂[38;2;204;164;117m▄[38;2;155;124;88;48;2;220;176;125m▗[0m[38;2;193;153;107m▘  [38;2;196;156;110m▝[38;2;157;126;89;48;2;218;174;123m▖[0m[38;2;193;156;112m▄[38;2;217;173;122m▁[38;2;135;111;83m▁[38;2;217;176;127m▁[38;2;194;156;111m▄[38;2;185;148;105;48;2;223;179;127m▔[0m[7m[38;2;223;178;126m▕[0m[38;2;38;34;28m    [7m[38;2;175;140;99m▖[38;2;225;180;127m▝[0m[38;2;170;137;97;48;2;224;179;126m▘[0m[38;2;217;174;123m▘   [38;2;164;131;93m▝[38;2;127;101;70;48;2;223;179;127m▖[0m[38;2;210;170;122m▄[38;2;173;139;100m▂[38;2;130;104;75m▁[38;2;202;162;115m▁[38;2;210;170;121m▃[38;2;226;180;127;48;2;181;146;105m▞[0m[38;2;221;176;124m▘[0m
[7m[38;2;226;181;127m▏[0m[38;2;224;178;124m▍[7m[38;2;207;166;117m▅[38;2;226;181;127m▄[38;2;215;172;121m▃[38;2;226;181;128m▄[38;2;198;159;112m▅[0m [38;2;75;59;41m    [0m [7m[38;2;199;159;113m▅[38;2;226;180;127m▄[38;2;221;177;125m▃[38;2;225;180;127m▄[38;2;199;159;112m▅[0m[38;2;214;171;120m▝[7m[38;2;196;158;113m▄[0m[38;2;0;0;0m    [0m [38;2;188;151;107;48;2;225;179;126m▏[0m[7m[38;2;163;130;93m▗[0m[38;2;1;1;1m     [0m [7m[38;2;184;147;104m▅[38;2;223;179;127m▄[38;2;217;174;123m▃[38;2;226;180;127m▄[38;2;213;170;120m▅[0m[38;2;115;92;65m▔ [0m
[7m[38;2;223;179;127m▏[0m[38;2;220;176;125m▍                     [0m [7m[38;2;201;161;113m▘[38;2;197;157;111m▗[0m [38;2;19;15;11m             [0m
